170121
171829
243818
243819
243820
243822
243824
243826
243827
243828
243829
243830
243832
243834
243835
243839
243841
243842
243844
243845
243846
243849
243850
243851
243853
243854
243855
243856
243857
243858
243860
243861
243862
243863
243864
243865
243867
243868
243869
243871
243872
243873
243874
243876
243877
243878
243879
243880
243881
243883
243884
243885
243886
243887
243888
243889
243891
243893
243894
243896
243897
243898
243900
243902
243903
243904
243906
243907
243908
243909
243914
243918
243920
243921
243922
243924
243925
243926
243927
243929
243930
243931
243932
243933
243935
243936
243937
243938
243939
243940
243943
243944
243945
243946
243949
243951
243954
243955
243956
243957
243960
243963
243964
243965
243966
243967
243969
243970
243972
243974
243975
243976
243977
243980
243984
243990
243992
243996
243998
244000
244001
244009
244019
244077
244078
244080
244151
244152
244153
244156
244158
244281
