116218
169967
169968
169974
169976
169982
169985
169987
169988
169990
169991
169993
169997
170001
170002
170009
170010
170014
170017
170018
170022
170024
170025
170028
170034
170036
170037
170038
170043
170045
170046
170049
170058
170061
170065
170071
170074
170075
170076
170077
170080
170085
170086
170089
170091
170095
170097
170098
170100
170104
170110
170117
170121
170122
170123
170131
170132
170142
170151
170154
170156
170162
171800
171805
171806
171807
171816
171818
171829
171833
171836
171837
171843
171848
171853
171857
171858
171860
171865
171868
171869
171872
171875
171879
171880
171882
171884
171885
171893
171897
171898
171900
171901
171903
171913
171931
171936
171980
172180
172181
172184
172186
172187
172188
172189
172190
172191
172195
172197
172198
172202
172203
172207
172209
172212
172213
172215
172221
172253
172277
172283
172456
173049
173050
173053
173057
173062
173071
173076
173077
173080
173084
173085
173090
173095
173100
173118
173119
173121
173122
173123
173125
173129
173130
173132
173133
173135
173136
173138
173141
173142
173145
173148
173154
173157
173158
173160
173184
173190
173191
173194
173279
173280
173282
173285
173684
173827
203775
203784
203785
203786
203787
203790
203800
203802
203808
203821
203830
203834
203837
203841
203842
203851
203855
203857
203872
203880
203899
203902
203904
203907
203920
203942
203988
204032
204037
204043
204144
204148
204149
204151
204152
204154
204159
204160
204332
204500
207169
207172
207184
207188
207190
207198
207202
207204
207208
207249
207262
207265
207272
207283
207296
207303
207311
207353
207361
207364
207365
207368
207369
207389
207393
207394
210108
210109
210110
210111
210112
210113
210115
210116
210117
210118
210119
210120
210121
210122
210123
210124
210125
210126
210127
210128
210129
210130
210131
210132
210357
210361
210362
210363
210364
210365
210366
210367
210368
210369
210370
210371
210372
210373
210374
210375
210376
210377
210378
211000
211001
211002
211003
211004
211005
211006
211007
211008
211009
211010
211011
211012
211013
211014
211015
211016
211017
211018
211019
211178
211179
211180
211181
211182
211304
211305
211306
211307
211308
211309
211310
211311
211312
211313
211314
211315
211316
211318
211319
211370
211372
211373
211374
211375
211377
218037
218038
218039
218040
218042
218043
218044
218045
218046
218047
218049
218052
218054
218055
218056
218057
218061
218064
218065
218066
218067
218256
218257
218258
218259
218260
218261
218262
218264
219006
219007
219010
219012
219013
219015
219018
219020
219021
219022
219023
219024
219025
219026
219384
220041
220044
220373
220374
222334
222335
222336
222338
222339
222340
222341
222342
222343
222344
222345
222346
222347
222348
222351
222352
222353
222354
222355
222356
222357
222358
222359
222360
222559
222560
222561
222563
222565
222571
222572
222573
222574
222766
222767
222768
222769
222860
224005
224291
224292
224293
224294
224302
224304
224308
224310
224311
224313
224314
224316
224317
224318
224351
224425
225120
225121
225122
225123
225124
225126
225127
225129
225130
225131
225132
225133
225134
225135
225136
225137
225138
225139
225140
225141
225143
225144
225145
225146
225147
225148
225149
225151
225152
225153
225212
225213
225254
225257
225313
225314
225323
225393
225396
225398
225402
225403
225408
225409
225410
225411
225591
225600
225604
225606
225607
225608
225609
225614
225615
225619
225706
225708
225713
225714
225715
225716
225717
225718
225728
225736
225738
225740
225746
225748
225749
225751
225753
225754
225756
225758
225760
225766
225767
226460
226461
226462
227074
227076
227077
230957
230958
230959
230961
230962
230963
230966
230968
230969
230970
230971
230973
230974
230975
230976
230977
230978
230979
230982
230986
230987
230988
230990
230991
230993
230995
230996
230997
230998
231000
231003
231009
231010
231012
231013
231015
231016
231017
231019
231020
231021
231025
231027
231029
231033
231035
231036
232867
232868
232871
232873
232875
232877
232880
232881
232882
232885
232886
232887
232888
232889
232890
232891
232892
232908
232909
232910
232912
232913
232916
232918
232919
232921
232922
232923
232924
232926
232927
232928
232929
232931
232933
232935
232936
232937
232938
232939
232940
232941
233016
233018
233022
233023
233028
233029
233030
233031
233037
233040
234520
234524
234525
234527
234528
234531
234532
234535
234540
234547
234548
234549
234550
234555
234558
234560
234561
234562
234564
234565
234566
234568
234570
234571
234573
234574
234575
234577
234580
234586
234595
234598
234599
234602
234603
234604
234605
235009
235013
235014
235015
235016
235021
235023
235026
235031
235033
235034
235038
235040
235042
235043
235044
235045
235046
235047
235049
235050
235052
235054
235055
235056
235057
235058
235063
235066
235067
235068
235070
235075
235078
235079
235081
235082
235084
235085
235093
238030
238035
238039
238051
238091
238092
238093
238094
238095
238097
238101
238104
238108
238112
238116
238117
238123
238126
238127
238129
238130
238136
238139
238141
238148
238154
238155
238412
238415
