169967
169988
169997
170017
170022
170024
170038
170049
170086
170098
170104
170117
170123
171853
171860
171868
171872
171879
171880
171893
171897
171898
171900
171903
171931
172184
172189
172191
172195
172209
172212
172277
172283
173085
173158
173827
203775
203787
203790
203988
204032
204037
207202
207283
207303
207311
207364
207369
210113
210120
210122
210124
210371
210376
211016
211018
211019
211179
211308
211374
239254
239256
239258
239262
239265
239268
239272
239274
239277
239281
239287
239291
239296
239297
239298
239300
239321
239327
239336
239352
239364
239373
239421
239428
239430
239433
239436
239444
239445
239446
239448
239451
239534
239673
239675
239681
239724
239749
