169967
169968
169974
169976
169982
169985
169988
169990
169993
169997
170001
170009
170010
170014
170017
170022
170024
170025
170034
170038
170043
170046
170049
170061
170065
170071
170074
170075
170076
170077
170080
170089
170091
170095
170098
170100
170104
170110
170117
170121
170123
170131
170151
170154
171800
171805
171806
171807
171816
171818
171829
171833
171836
171843
171848
171853
171857
171858
171860
171865
171868
171869
171872
171879
171880
171882
171897
171898
171900
171903
171931
171936
171980
172180
172181
172184
172187
172188
172189
172190
172191
172195
172197
172198
172203
172207
172209
172212
172213
172215
172221
172253
172283
172456
173049
173050
173053
173057
173062
173071
173077
173084
173085
173090
173095
173100
173118
173119
173121
173122
173125
173130
173132
173135
173138
173141
173142
173145
173148
173154
173157
173194
173279
173280
173282
173684
173827
203775
203790
203800
203808
203821
203834
203841
203842
203851
203855
203872
203902
203904
203907
203920
203988
204043
204144
204148
204151
204152
204154
204159
204160
204332
207172
207184
207188
207202
207204
207208
207262
207272
207283
207303
207311
207353
207364
207365
207368
207369
207393
210110
210111
210113
210119
210120
210122
210123
210124
210130
210131
210363
210371
210376
210377
211005
211008
211010
211016
211018
211019
211179
211308
211374
243818
243819
243820
243822
243823
243824
243825
243826
243827
243828
243829
243830
243831
243832
243833
243834
243835
243836
243837
243838
243839
243840
243841
243842
243843
243844
243845
243846
243847
243848
243849
243850
243851
243853
243854
243855
243856
243857
243858
243859
243860
243861
243862
243863
243864
243865
243867
243868
243869
243871
243872
243873
243874
243876
243877
243878
243879
243880
243881
243883
243884
243885
243886
243888
243889
243891
243892
243893
243894
243895
243896
243898
243899
243900
243902
243903
243904
243905
243906
243907
243908
243909
243914
243915
243916
243917
243918
243920
243921
243922
243924
243925
243926
243927
243928
243930
243931
243932
243933
243934
243935
243936
243937
243938
243939
243940
243941
243943
243944
243945
243946
243949
243950
243951
243952
243954
243955
243956
243958
243959
243963
243964
243965
243966
243967
243968
243969
243970
243971
243972
243973
243974
243975
243976
243977
243980
243981
243984
243985
243986
243987
243988
243989
243990
243991
243992
243994
243996
243998
244000
244001
244002
244009
244075
244076
244077
244078
244080
244151
244152
244153
244154
244156
244157
244158
244281
